# Analysis file: C:\Users\mcaldarola\surfdrive\NanoCD\Analysis\Lab\2019-03-15_Variable_waveplate_calibration\analyze_data.py 
# Data file: D:/mcaldarola/Data\2019-03-15_Variable_waveplate_calibration\variable_wp_calibration_fine_001.txt 
# Col 1: Wavelength in nm 
# Col 2: QWP voltage for the variable waveplate in Volts 
# Col 3: Error in the QWP voltage, in Volts 
# 
5.000000000000000000e+02 2.606525820709610031e+00 2.537037814485428445e-04
5.010000000000000000e+02 2.601970042447461662e+00 2.579644513565742528e-04
5.020000000000000000e+02 2.598872262891824825e+00 2.707401096462757825e-04
5.030000000000000000e+02 2.594424881194730581e+00 2.678147211761212703e-04
5.040000000000000000e+02 2.591354635387471461e+00 2.570225943340514086e-04
5.050000000000000000e+02 2.589250212059357015e+00 2.742946693883203946e-04
5.060000000000000000e+02 2.586417416074387798e+00 2.586635998542652316e-04
5.070000000000000000e+02 2.583175545854714539e+00 2.640424631805905926e-04
5.080000000000000000e+02 2.581244114803771250e+00 2.405353247725508937e-04
5.090000000000000000e+02 2.576472688122080967e+00 2.541412650014224358e-04
5.100000000000000000e+02 2.573990905940777285e+00 2.667648623767291186e-04
5.110000000000000000e+02 2.570148641707054260e+00 2.702744529644623061e-04
5.120000000000000000e+02 2.564655676942331652e+00 2.391724948693764951e-04
5.130000000000000000e+02 2.560046034327023712e+00 2.721483673808873190e-04
5.140000000000000000e+02 2.555063345804522434e+00 2.689367276970190722e-04
5.150000000000000000e+02 2.549519464920687373e+00 2.453265187756515351e-04
5.160000000000000000e+02 2.543662990857888495e+00 2.589657335757875154e-04
5.170000000000000000e+02 2.538540952227573477e+00 2.733991042305747624e-04
5.180000000000000000e+02 2.533324330884167530e+00 2.736406892568778800e-04
5.190000000000000000e+02 2.528991378633548948e+00 2.532136523708953852e-04
5.200000000000000000e+02 2.523854092270601424e+00 2.593487199190797651e-04
5.210000000000000000e+02 2.521301399403947929e+00 2.603768687375922685e-04
5.220000000000000000e+02 2.517652045568803398e+00 2.652397661496070399e-04
5.230000000000000000e+02 2.513360700819637916e+00 2.842903706869310512e-04
5.240000000000000000e+02 2.511789222633160623e+00 2.609417587545889380e-04
5.250000000000000000e+02 2.509031700348488769e+00 2.637067061754457551e-04
5.260000000000000000e+02 2.505633197689163261e+00 2.698273628992166892e-04
5.270000000000000000e+02 2.502586514277743479e+00 2.655037946836265707e-04
5.280000000000000000e+02 2.500206961431980179e+00 2.728446110022759606e-04
5.290000000000000000e+02 2.497235021628560148e+00 2.593771994861799961e-04
5.300000000000000000e+02 2.493468471683138787e+00 2.757344896664746040e-04
5.310000000000000000e+02 2.489498889779806490e+00 2.534300074016331440e-04
5.320000000000000000e+02 2.485697622630570258e+00 2.670126519177792651e-04
5.330000000000000000e+02 2.482405506993885069e+00 2.923127632934895332e-04
5.340000000000000000e+02 2.478070293109330802e+00 2.537444992162883454e-04
5.350000000000000000e+02 2.472677431593075070e+00 2.840490287137321067e-04
5.360000000000000000e+02 2.469006111134856685e+00 2.674201070933170544e-04
5.370000000000000000e+02 2.464557867391956592e+00 2.709126939898503388e-04
5.380000000000000000e+02 2.460148414094072145e+00 2.584759823606849120e-04
5.390000000000000000e+02 2.457143053098798102e+00 2.729573092686460615e-04
5.400000000000000000e+02 2.452773392782273909e+00 2.836464358709818055e-04
5.410000000000000000e+02 2.448993556267395011e+00 2.815611485651131705e-04
5.420000000000000000e+02 2.446093408369615751e+00 2.703491899113187364e-04
5.430000000000000000e+02 2.442937173077755819e+00 2.623564654600033788e-04
5.440000000000000000e+02 2.439017534056401537e+00 2.593208694716825358e-04
5.450000000000000000e+02 2.436505680517271788e+00 2.624931417691681100e-04
5.460000000000000000e+02 2.432936032715869334e+00 2.818524050456932455e-04
5.470000000000000000e+02 2.430329232198424005e+00 2.673362206616613232e-04
5.480000000000000000e+02 2.426292189037022595e+00 2.715104984199673342e-04
5.490000000000000000e+02 2.423324250189007767e+00 2.546581581629157615e-04
5.500000000000000000e+02 2.418988306253584852e+00 2.656133611742916389e-04
5.510000000000000000e+02 2.415788243654830580e+00 2.646649372300181619e-04
5.520000000000000000e+02 2.412894976076912279e+00 2.747736025360075448e-04
5.530000000000000000e+02 2.408717550719549738e+00 2.726065632839354985e-04
5.540000000000000000e+02 2.404702127807719858e+00 2.632395116163734170e-04
5.550000000000000000e+02 2.401363908081393994e+00 2.717122303772163440e-04
5.560000000000000000e+02 2.398175542447214426e+00 2.663328020489365267e-04
5.570000000000000000e+02 2.393879909358557434e+00 2.974680983173936741e-04
5.580000000000000000e+02 2.391027316068502717e+00 2.652412754296256574e-04
5.590000000000000000e+02 2.388865290426517518e+00 2.677724028592611384e-04
5.600000000000000000e+02 2.384928542772162263e+00 2.673093208207626137e-04
5.610000000000000000e+02 2.382333680963404365e+00 2.662957676782406352e-04
5.620000000000000000e+02 2.379609888324554667e+00 2.705974350421166139e-04
5.630000000000000000e+02 2.376849832841039678e+00 2.660097545050406332e-04
5.640000000000000000e+02 2.374527557605995209e+00 2.732267942870054739e-04
5.650000000000000000e+02 2.371590259745592455e+00 2.702489007247077697e-04
5.660000000000000000e+02 2.368498634874600661e+00 2.791296167176598271e-04
5.670000000000000000e+02 2.366336196036922246e+00 2.729796026790755532e-04
5.680000000000000000e+02 2.362365971486813709e+00 2.647173701165751714e-04
5.690000000000000000e+02 2.359915498624661989e+00 2.706266400044751914e-04
5.700000000000000000e+02 2.355825274636117683e+00 2.654310772337263049e-04
5.710000000000000000e+02 2.351786796764677945e+00 2.680020042967852447e-04
5.720000000000000000e+02 2.348901639652152262e+00 2.766661403864497629e-04
5.730000000000000000e+02 2.344234109169077040e+00 2.734931040794007294e-04
5.740000000000000000e+02 2.341556466402328951e+00 2.758950890748086324e-04
5.750000000000000000e+02 2.336870827177892629e+00 2.701555761314146072e-04
5.760000000000000000e+02 2.334018873971356101e+00 2.689190375070790446e-04
5.770000000000000000e+02 2.329748087163323600e+00 2.861129978782151590e-04
5.780000000000000000e+02 2.327615127000887796e+00 2.778387481935170483e-04
5.790000000000000000e+02 2.324115982224075783e+00 2.795159993670949202e-04
5.800000000000000000e+02 2.321617745065962968e+00 2.850881879828257763e-04
5.810000000000000000e+02 2.318746661939571574e+00 2.809136341719075725e-04
5.820000000000000000e+02 2.316932661344408118e+00 2.822701424991115701e-04
5.830000000000000000e+02 2.315334529450363554e+00 2.824547179952854219e-04
5.840000000000000000e+02 2.312873679431644014e+00 2.854425020348918033e-04
5.850000000000000000e+02 2.311315357497542688e+00 2.748876863928452030e-04
5.860000000000000000e+02 2.309891321099527328e+00 2.814383328982582875e-04
5.870000000000000000e+02 2.308198944527926511e+00 2.924048277017989332e-04
5.880000000000000000e+02 2.306671957022230934e+00 2.919508700211039562e-04
5.890000000000000000e+02 2.305062222861407495e+00 2.853499069687455035e-04
5.900000000000000000e+02 2.302010903291318300e+00 2.833863097419605961e-04
5.910000000000000000e+02 2.299686024556387043e+00 2.825995562577121698e-04
5.920000000000000000e+02 2.297345040082651835e+00 2.738937241354246258e-04
5.930000000000000000e+02 2.293134680561647265e+00 2.791371412727916362e-04
5.940000000000000000e+02 2.290702065498252171e+00 2.762395533022799247e-04
5.950000000000000000e+02 2.286878645001607868e+00 2.803963284749933838e-04
5.960000000000000000e+02 2.282387387334015916e+00 2.792178296847105359e-04
5.970000000000000000e+02 2.278146265076606003e+00 2.715977210366369676e-04
5.980000000000000000e+02 2.273599502209990408e+00 2.700642003805009644e-04
5.990000000000000000e+02 2.269925086543417958e+00 2.770212233259763263e-04
6.000000000000000000e+02 2.264878970538295455e+00 2.776203751354785229e-04
6.010000000000000000e+02 2.262552739405519375e+00 2.810221658376027315e-04
6.020000000000000000e+02 2.257492550264631248e+00 2.810382268719384467e-04
6.030000000000000000e+02 2.255193369938501835e+00 2.848224337949485348e-04
6.040000000000000000e+02 2.251520257974867434e+00 2.714139161476544554e-04
6.050000000000000000e+02 2.249547368190268237e+00 2.764082348371116305e-04
6.060000000000000000e+02 2.246686274593268084e+00 2.834975352239434664e-04
6.070000000000000000e+02 2.245241043661350577e+00 2.798200116322148998e-04
6.080000000000000000e+02 2.243688291977814941e+00 2.921783505365923000e-04
6.090000000000000000e+02 2.242715917446364671e+00 2.920434606930887890e-04
6.100000000000000000e+02 2.241272253045907270e+00 2.891442054952285488e-04
6.110000000000000000e+02 2.241366699800980911e+00 2.852696549287731561e-04
6.120000000000000000e+02 2.240200871298837271e+00 2.881508366861016248e-04
6.130000000000000000e+02 2.239064577271160150e+00 2.823752915247594846e-04
6.140000000000000000e+02 2.237841535876456511e+00 2.764653185075552811e-04
6.150000000000000000e+02 2.237529926976617567e+00 2.710509513198668509e-04
6.160000000000000000e+02 2.235982556546598943e+00 2.655714927506876741e-04
6.170000000000000000e+02 2.233714077052303626e+00 2.762893080712304559e-04
6.180000000000000000e+02 2.231311975191015762e+00 inf
6.190000000000000000e+02 2.228598781895745340e+00 2.657999819810600997e-04
6.200000000000000000e+02 2.225809215233613969e+00 2.620691279472182780e-04
6.210000000000000000e+02 2.223402052656538341e+00 2.753397685843728907e-04
6.220000000000000000e+02 2.219274312201075627e+00 2.691518996136771434e-04
6.230000000000000000e+02 2.214902607727679662e+00 2.715215232896393675e-04
6.240000000000000000e+02 2.211632363119153677e+00 2.615642321214956814e-04
6.250000000000000000e+02 2.207613384918773125e+00 2.711164237097348439e-04
6.260000000000000000e+02 2.203855355951555239e+00 2.746364733758230011e-04
6.270000000000000000e+02 2.199439089932119007e+00 2.725748625614845145e-04
6.280000000000000000e+02 2.195438732368916845e+00 2.781590731906084584e-04
6.290000000000000000e+02 2.191071548595777685e+00 2.686954819617377735e-04
6.300000000000000000e+02 2.187401562189832394e+00 2.733182766315637806e-04
6.310000000000000000e+02 2.184017627409829299e+00 2.827685886650101567e-04
6.320000000000000000e+02 2.180994839614539327e+00 2.934188812678605951e-04
6.330000000000000000e+02 2.178616834422935966e+00 2.885033382490242342e-04
6.340000000000000000e+02 2.176989780222020165e+00 2.893152858236701288e-04
6.350000000000000000e+02 2.175873125866461866e+00 2.901827653207290393e-04
6.360000000000000000e+02 2.174941150868678452e+00 2.864749277167230991e-04
6.370000000000000000e+02 2.173713349707266929e+00 2.767781076792044052e-04
6.380000000000000000e+02 2.173017386921710425e+00 2.687782867586735089e-04
6.390000000000000000e+02 2.172421559077705844e+00 2.706506074607331288e-04
6.400000000000000000e+02 2.172123307164583572e+00 2.735627612360763249e-04
6.410000000000000000e+02 2.171920683986680700e+00 2.624848790123877830e-04
6.420000000000000000e+02 2.171919728854220910e+00 2.712498217641118813e-04
6.430000000000000000e+02 2.171943767008903237e+00 2.646932660579657875e-04
6.440000000000000000e+02 2.172210447804402200e+00 2.623952777377328884e-04
6.450000000000000000e+02 2.171826685195870077e+00 2.651607546055543825e-04
6.460000000000000000e+02 2.170913676469394815e+00 2.630451439585713546e-04
6.470000000000000000e+02 2.169430993548634667e+00 2.583763212721801317e-04
6.480000000000000000e+02 2.167504868465080836e+00 2.626468046835131877e-04
6.490000000000000000e+02 2.164866217936377346e+00 2.678948696165600976e-04
6.500000000000000000e+02 2.162040332473554649e+00 2.707900429737782641e-04
6.510000000000000000e+02 2.159474047062480917e+00 2.655953115461381518e-04
6.520000000000000000e+02 2.155687667444611488e+00 2.724174545429730349e-04
6.530000000000000000e+02 2.151683418032857897e+00 2.664975645417086078e-04
6.540000000000000000e+02 2.147619929037507536e+00 2.692795526254853386e-04
6.550000000000000000e+02 2.143084074280831697e+00 2.726510976350606289e-04
6.560000000000000000e+02 2.138667278229679169e+00 2.726752987555461274e-04
6.570000000000000000e+02 2.134301295467044390e+00 2.650232165597453155e-04
6.580000000000000000e+02 2.130439966520068396e+00 2.685539710735984197e-04
6.590000000000000000e+02 2.125835385234089880e+00 2.697699677702044131e-04
6.600000000000000000e+02 2.121866687277613739e+00 2.737358062088774834e-04
6.610000000000000000e+02 2.117566626937651186e+00 2.860777211898021376e-04
6.620000000000000000e+02 2.114568459865441508e+00 2.949351085951610425e-04
6.630000000000000000e+02 2.111203676244932215e+00 2.836274384485256957e-04
6.640000000000000000e+02 2.108804822824158709e+00 2.805320178935837537e-04
6.650000000000000000e+02 2.106583468338359300e+00 2.833580564205767541e-04
6.660000000000000000e+02 2.104796572598953475e+00 2.744934912386591823e-04
6.670000000000000000e+02 2.103570498145223677e+00 2.768901122683935429e-04
6.680000000000000000e+02 2.102574731431138932e+00 2.691992482945215217e-04
6.690000000000000000e+02 2.101967814751524610e+00 2.721443868510027174e-04
6.700000000000000000e+02 2.101401426369843506e+00 2.719638201033421814e-04
6.710000000000000000e+02 2.101180284989650371e+00 2.676009924042986577e-04
6.720000000000000000e+02 2.101280083591155368e+00 2.645241330313159202e-04
6.730000000000000000e+02 2.101512489558096330e+00 2.654864947382124733e-04
6.740000000000000000e+02 2.101943845552693535e+00 2.672423195728212226e-04
6.750000000000000000e+02 2.101883637418148876e+00 2.643689657217293239e-04
6.760000000000000000e+02 2.101454067716601148e+00 2.649470635360288919e-04
6.770000000000000000e+02 2.101094742072977972e+00 2.641531370237633109e-04
6.780000000000000000e+02 2.100381624595393237e+00 2.558620224007544667e-04
6.790000000000000000e+02 2.099665098556894982e+00 2.583923359307097652e-04
6.800000000000000000e+02 2.098761146244088049e+00 2.703254619081003353e-04
6.810000000000000000e+02 2.097013435348905830e+00 2.731384603530175059e-04
6.820000000000000000e+02 2.095006757492931193e+00 2.761836608435802652e-04
6.830000000000000000e+02 2.092524156295070714e+00 2.724033264736957344e-04
6.840000000000000000e+02 2.089489395455590870e+00 2.809709822262034906e-04
6.850000000000000000e+02 2.086160391524292557e+00 2.793475780926881879e-04
6.860000000000000000e+02 2.082893786124295765e+00 2.635761497698378198e-04
6.870000000000000000e+02 2.079074625575640933e+00 2.738146970651627438e-04
6.880000000000000000e+02 2.075417935538387493e+00 2.796150240679307931e-04
6.890000000000000000e+02 2.071759574522263225e+00 2.741858435919887764e-04
6.900000000000000000e+02 2.067996820964390192e+00 2.833849605718414925e-04
6.910000000000000000e+02 2.063545185541812543e+00 2.672181462918064702e-04
6.920000000000000000e+02 2.059902498283722405e+00 2.731627931209570101e-04
6.930000000000000000e+02 2.055698991305140222e+00 2.850089782790703880e-04
6.940000000000000000e+02 2.052098544664599622e+00 2.838937089799686061e-04
6.950000000000000000e+02 2.048795876659760040e+00 2.856279147233656778e-04
6.960000000000000000e+02 2.045706244024337206e+00 2.848679254330191792e-04
6.970000000000000000e+02 2.042782525231492841e+00 2.808806586695309260e-04
6.980000000000000000e+02 2.040368451915356651e+00 2.751197085173926978e-04
6.990000000000000000e+02 2.038165255014612320e+00 2.860557450319804566e-04
7.000000000000000000e+02 2.036641310388988657e+00 2.898735174343514500e-04
7.010000000000000000e+02 2.035692672274344250e+00 2.862827445375200233e-04
7.020000000000000000e+02 2.034620776654916252e+00 2.791853558733177303e-04
7.030000000000000000e+02 2.033751186423111701e+00 2.830361122828098592e-04
7.040000000000000000e+02 2.033251850347973733e+00 2.755083462986340748e-04
7.050000000000000000e+02 2.033372988502449186e+00 2.739854571568296174e-04
7.060000000000000000e+02 2.033598213995094550e+00 2.718200129919287503e-04
7.070000000000000000e+02 2.033843781259753403e+00 2.701470532714893118e-04
7.080000000000000000e+02 2.034421460992094310e+00 2.629238983591077831e-04
7.090000000000000000e+02 2.034802544548759418e+00 2.622816446867909357e-04
7.100000000000000000e+02 2.035257217366053251e+00 2.680508958409611288e-04
7.110000000000000000e+02 2.035422986424872516e+00 2.716607562956623381e-04
7.120000000000000000e+02 2.035268612688546863e+00 2.640543866359661390e-04
7.130000000000000000e+02 2.035168098483732813e+00 2.654361737916165935e-04
7.140000000000000000e+02 2.034713117795160731e+00 2.647931231764218997e-04
7.150000000000000000e+02 2.033823399401645027e+00 2.573323858217074636e-04
7.160000000000000000e+02 2.032457928432509942e+00 2.639005094605664163e-04
7.170000000000000000e+02 2.031379984632130764e+00 2.628309140457703633e-04
7.180000000000000000e+02 2.029638196074873058e+00 2.671093856069254799e-04
7.190000000000000000e+02 2.027518608334859973e+00 2.649460390349076379e-04
7.200000000000000000e+02 2.025499044256657832e+00 2.696444329143031287e-04
7.210000000000000000e+02 2.023026803742235646e+00 2.601819141874826130e-04
7.220000000000000000e+02 2.019929921457838784e+00 2.572087446026570198e-04
7.230000000000000000e+02 2.017479237977001461e+00 2.590372632391906927e-04
7.240000000000000000e+02 2.014445620160864259e+00 2.631442780529313604e-04
7.250000000000000000e+02 2.010746705130263212e+00 2.641062128521699261e-04
7.260000000000000000e+02 2.007517363608569472e+00 2.655619381768877267e-04
7.270000000000000000e+02 2.003708123640881134e+00 2.614542326098901652e-04
7.280000000000000000e+02 1.999806698461917387e+00 2.623037636765542576e-04
7.290000000000000000e+02 1.995995573013522151e+00 2.673786649657678609e-04
7.300000000000000000e+02 1.992531905086462052e+00 2.823908323378309130e-04
7.310000000000000000e+02 1.988766494545030294e+00 2.804402444670009691e-04
7.320000000000000000e+02 1.985357078458471314e+00 2.838965701375892195e-04
7.330000000000000000e+02 1.981596899551156366e+00 2.692994153336848956e-04
7.340000000000000000e+02 1.979044328396531549e+00 2.767895898280215978e-04
7.350000000000000000e+02 1.976736408454899729e+00 2.729015324762886830e-04
7.360000000000000000e+02 1.974645373758714850e+00 2.771094396425643168e-04
7.370000000000000000e+02 1.973677429074601308e+00 2.913492884876894037e-04
7.380000000000000000e+02 1.972551367069956374e+00 2.899326365506795324e-04
7.390000000000000000e+02 1.971050328891777781e+00 2.919256899265893369e-04
7.400000000000000000e+02 1.970005922920745833e+00 2.916562826487976512e-04
7.410000000000000000e+02 1.968997681171352099e+00 2.847908812085092546e-04
7.420000000000000000e+02 1.968239094136633005e+00 2.779510052984648146e-04
7.430000000000000000e+02 1.967044013761411358e+00 2.796814760939694182e-04
7.440000000000000000e+02 1.966332328191515266e+00 2.766712452602169015e-04
7.450000000000000000e+02 1.966011011095331495e+00 2.774299944909504627e-04
7.460000000000000000e+02 1.966118688657597868e+00 2.714175974183222033e-04
7.470000000000000000e+02 1.966620551118025695e+00 2.699731947471078835e-04
7.480000000000000000e+02 1.967429810602742801e+00 2.697166670322979714e-04
7.490000000000000000e+02 1.968497368858152630e+00 2.604998690400630841e-04
7.500000000000000000e+02 1.969302845380975997e+00 2.615674311104838304e-04
7.510000000000000000e+02 1.969378419393730928e+00 2.625409829972440590e-04
7.520000000000000000e+02 1.969299499287877842e+00 2.557733578359710244e-04
7.530000000000000000e+02 1.968649770947924038e+00 2.566996614298998271e-04
7.540000000000000000e+02 1.967968170057216248e+00 2.625654503413900787e-04
7.550000000000000000e+02 1.967439602015099043e+00 2.686009459020200917e-04
7.560000000000000000e+02 1.966042521828332612e+00 2.615320404301481371e-04
7.570000000000000000e+02 1.964218471018837953e+00 2.454261235935200529e-04
7.580000000000000000e+02 1.962626371918049450e+00 2.532024369887508550e-04
7.590000000000000000e+02 1.961045238753850617e+00 2.577031016730117210e-04
7.600000000000000000e+02 1.959095425137199920e+00 2.539991917334829099e-04
7.610000000000000000e+02 1.957331723521500422e+00 2.534773016348570106e-04
7.620000000000000000e+02 1.955188726173447744e+00 2.545788198764807673e-04
7.630000000000000000e+02 1.953681447340183563e+00 2.724722115356645845e-04
7.640000000000000000e+02 1.951149105292631969e+00 2.715889386273572241e-04
7.650000000000000000e+02 1.948269824909012460e+00 2.651504250153603835e-04
7.660000000000000000e+02 1.945349598504006794e+00 2.632953877148010526e-04
7.670000000000000000e+02 1.942971504432296159e+00 2.619357014647274821e-04
7.680000000000000000e+02 1.939959663019090064e+00 2.635278951045467435e-04
7.690000000000000000e+02 1.935986559815547681e+00 2.650036949776748930e-04
7.700000000000000000e+02 1.932238145802433582e+00 2.814640811982454887e-04
7.710000000000000000e+02 1.929392498985755600e+00 2.688343615576790544e-04
7.720000000000000000e+02 1.926461570471182272e+00 2.731316136560004966e-04
7.730000000000000000e+02 1.923796398726733914e+00 2.744927774668080964e-04
7.740000000000000000e+02 1.920723249311701686e+00 2.762181953817017610e-04
7.750000000000000000e+02 1.917968716049694544e+00 2.673779552719727560e-04
7.760000000000000000e+02 1.915223870293497832e+00 2.714082311892079152e-04
7.770000000000000000e+02 1.913739522924703396e+00 2.941827205970819334e-04
7.780000000000000000e+02 1.911920436475700313e+00 2.933547302163701828e-04
7.790000000000000000e+02 1.910109788203257608e+00 2.922892188826342868e-04
7.800000000000000000e+02 1.907953854752606260e+00 2.871890613072422462e-04
7.810000000000000000e+02 1.906343371173251366e+00 2.865100964788872364e-04
7.820000000000000000e+02 1.905520808692365398e+00 2.856243552981094030e-04
7.830000000000000000e+02 1.904567001929600600e+00 2.846657776386810686e-04
7.840000000000000000e+02 1.903330102013797820e+00 2.738867784676939391e-04
7.850000000000000000e+02 1.902370999928021833e+00 2.735973996903114905e-04
7.860000000000000000e+02 1.901772034949522405e+00 2.739853744373796753e-04
7.870000000000000000e+02 1.901401934869194177e+00 2.683394462674796557e-04
7.880000000000000000e+02 1.901414164162235965e+00 2.755370884133771119e-04
7.890000000000000000e+02 1.901346851035848440e+00 2.717191893863139958e-04
7.900000000000000000e+02 1.901598332041701367e+00 2.708769663036565841e-04
7.910000000000000000e+02 1.901725384554455278e+00 2.653379906674538705e-04
7.920000000000000000e+02 1.901955800024100585e+00 2.603575979146106325e-04
7.930000000000000000e+02 1.902021050504813626e+00 2.628822413111624938e-04
7.940000000000000000e+02 1.901841359771262230e+00 2.566225692477681962e-04
7.950000000000000000e+02 1.901623281034194868e+00 2.491183854047231052e-04
7.960000000000000000e+02 1.901472610779626482e+00 2.563734059213011360e-04
7.970000000000000000e+02 1.901261544311173335e+00 2.540430767884605391e-04
7.980000000000000000e+02 1.900954250107240950e+00 2.580250761947760715e-04
7.990000000000000000e+02 1.900708627383547178e+00 2.611851104183166754e-04
8.000000000000000000e+02 1.900122302274042552e+00 2.483327599292320430e-04
